[gd_scene load_steps=16 format=2]

[ext_resource path="res://src/ships/mosquito/Mosquito.gd" type="Script" id=1]
[ext_resource path="res://src/ships/mosquito/mosquito_cockpit.obj" type="ArrayMesh" id=2]
[ext_resource path="res://src/ships/mosquito/mosquito_chassis.obj" type="ArrayMesh" id=3]
[ext_resource path="res://src/ships/ThirdPersonCamera.tscn" type="PackedScene" id=4]
[ext_resource path="res://src/ships/FirstPersonCamera.tscn" type="PackedScene" id=5]
[ext_resource path="res://src/ui/healthbar/HealthBar.tscn" type="PackedScene" id=6]
[ext_resource path="res://src/ships/Engine.tscn" type="PackedScene" id=7]

[sub_resource type="CapsuleShape" id=1]
radius = 1.00918
height = 7.54036

[sub_resource type="BoxShape" id=2]
extents = Vector3( 3.40568, 0.165363, 0.595305 )

[sub_resource type="CapsuleShape" id=3]
radius = 0.579375
height = 4.479

[sub_resource type="BoxShape" id=4]
extents = Vector3( 0.144062, 0.79735, 0.439263 )

[sub_resource type="BoxShape" id=5]
extents = Vector3( 4.55519, 0.0832755, 0.688409 )

[sub_resource type="CapsuleShape" id=6]
radius = 0.716851
height = 2.28646

[sub_resource type="BoxShape" id=7]

[sub_resource type="SpatialMaterial" id=8]
albedo_color = Color( 0.592157, 0.592157, 0.592157, 1 )

[node name="Mosquito" type="RigidBody"]
script = ExtResource( 1 )

[node name="Hitbox" type="Area" parent="."]

[node name="CollisionShape" type="CollisionShape" parent="Hitbox"]
transform = Transform( 1, 0, 0, 0, 0.995623, -0.0934654, 0, 0.0934654, 0.995623, 0, 2.41306, 0.486241 )
shape = SubResource( 1 )

[node name="CollisionShape2" type="CollisionShape" parent="Hitbox"]
transform = Transform( 1, 0, 0, 0, 1, 0, 0, 0, 1, 0, 1.37741, 1.15667 )
shape = SubResource( 2 )

[node name="CollisionShape3" type="CollisionShape" parent="Hitbox"]
transform = Transform( 1, 0, 0, 0, 0.989267, -0.146118, 0, 0.146118, 0.989267, 0, 3.15537, -5.54196 )
shape = SubResource( 3 )

[node name="CollisionShape4" type="CollisionShape" parent="Hitbox"]
transform = Transform( 1, 0, 0, 0, 0.951578, -0.307406, 0, 0.307406, 0.951578, 0, 2.98276, -7.70298 )
shape = SubResource( 4 )

[node name="CollisionShape5" type="CollisionShape" parent="Hitbox"]
transform = Transform( 1, 0, 0, 0, 1, 0, 0, 0, 1, 0, 4.49736, -7.97197 )
shape = SubResource( 5 )

[node name="CollisionShape7" type="CollisionShape" parent="Hitbox"]
transform = Transform( 1, 0, 0, 0, 0.993451, -0.114261, 0, 0.114261, 0.993451, 1.37891, 2.60361, -1.04237 )
shape = SubResource( 6 )

[node name="CollisionShape8" type="CollisionShape" parent="Hitbox"]
transform = Transform( 1, 0, 0, 0, 0.993451, -0.114261, 0, 0.114261, 0.993451, -1.379, 2.604, -1.042 )
shape = SubResource( 6 )

[node name="CollisionShape" type="CollisionShape" parent="."]
transform = Transform( 1, 0, 0, 0, 1, 0, 0, 0, 1, 0, 1.2643, -0.320204 )
shape = SubResource( 7 )

[node name="Chassis" type="MeshInstance" parent="."]
mesh = ExtResource( 3 )
material/0 = SubResource( 8 )

[node name="Cockpit" type="MeshInstance" parent="."]
transform = Transform( 1, 0, 0, 0, 1, 0, 0, 0, 1, 0, 2.45501, 3.4479 )
mesh = ExtResource( 2 )
material/0 = SubResource( 8 )

[node name="Seat1" type="Spatial" parent="."]
transform = Transform( 1, 0, 0, 0, 1, 0, 0, 0, 1, 0, 2.44242, 3.60227 )

[node name="FirstPersonCamera" parent="Seat1" instance=ExtResource( 5 )]
transform = Transform( 1, 0, 0, 0, 1, 0, 0, 0, 1, 0, 0, 0 )
visible = true

[node name="InnerGimbal2" type="Spatial" parent="Seat1/FirstPersonCamera"]

[node name="Camera" type="Camera" parent="Seat1/FirstPersonCamera/InnerGimbal2"]
transform = Transform( -1, 0, -8.74228e-08, 0, 1, 0, 8.74228e-08, 0, -1, 0, 0, 0 )
fov = 74.0
far = 10000.0

[node name="ThirdPersonCamera" parent="Seat1" instance=ExtResource( 4 )]
visible = true

[node name="InnerGimbal2" type="Spatial" parent="Seat1/ThirdPersonCamera"]
transform = Transform( 1, 0, 0, 0, 1, 0, 0, 0, 1, 0, 0, -14.817 )

[node name="Camera" type="Camera" parent="Seat1/ThirdPersonCamera/InnerGimbal2"]
transform = Transform( -1, -1.77636e-15, 8.74228e-08, 0, 1, 0, -8.74228e-08, 0, -1, 0, 7.39837, -1.32611 )
fov = 74.0
far = 10000.0

[node name="Nosegun" type="Position3D" parent="."]
transform = Transform( 1, 0, 0, 0, 1, 0, 0, 0, 1, 0, 1.6935, 4.78959 )

[node name="Pylons" type="Position3D" parent="."]
transform = Transform( 1, 0, 0, 0, 1, 0, 0, 0, 1, 0, 2.84117, -0.905369 )

[node name="HealthBar" parent="." instance=ExtResource( 6 )]
transform = Transform( 1, 0, 0, 0, 1, 0, 0, 0, 1, 0, 6.49939, 0 )

[node name="DirectionalLight" type="DirectionalLight" parent="."]
transform = Transform( 1, 0, 0, 0, -0.288096, 0.957602, 0, -0.957602, -0.288096, 0, 517.136, -34.4913 )
light_energy = 8.02
editor_only = true
directional_shadow_mode = 0

[node name="OmniLight" type="OmniLight" parent="."]
transform = Transform( 1, 0, 0, 0, 1, 0, 0, 0, 1, 0, -374.279, 0 )
light_energy = 2.95
editor_only = true
omni_range = 3298.9

[node name="Engine" parent="." instance=ExtResource( 7 )]
